0.742996 4.60783

0.991997 2.18803

1.141 1.91986

1.33199 1.73221

0.150002 3.89874

0.152996 3.84433

0.166 3.58606

0.166 3.30005

0.225002 3.08451

0.227001 3.08261

0.396999 3.02314

0.423996 2.91497

0.429001 2.91035

0.545998 2.77262

0.837002 2.75801

0.917 2.62008

1.006 1.80562

1.373 1.78781

0.146004 2.73204
0.146004 2.73204
0.149994 3.1191

0.168999 3.10598

0.207993 2.78857

0.226997 2.78012

0.291 2.71168

0.311996 1.9471

0.559998 1.66164

0.590996 1.62503

0.838997 1.55982

0.850998 1.55312

1.13499 1.48

1.40699 1.46215


0.172997 2.66509

0.199997 2.59802

0.213005 2.45266

0.258003 2.43921

0.0639992 3.66773

0.167999 3.46035

.167999 3.46035
0.348 2.38418


0.168999 3.28958


2.04567
 
 
2.34306

0.627007 1.99575
0.627007 1.99575
0.565987 0.392002
0.627007 1.99575
0.565987 0.392002
 3.94746
 
1.97654
.99575
0.565987 0.392002
 3.94746
2.09259




1.97654



0.912994 3.79545
 
0.738007 
1.92533

1.872

.92533


.92533


11.94884

.306996  1.6346514199 
7
.306996  1.6346514199 
7


0.958 1.81149



 1.80948

1.181 1.63799

.181 1.63799
 1.80476


1.28201 1.62812


0.788998 1.79506

.302 1.57928


1.493 1.55698

.493 1.55698
0.916004 1.777


1.648 1.47388


1.71487

0.974995 1.69558

1.03 1.66658

1.163 1.65721

1.172 1.52477

1.371 1.48906

1.539 1.45847

1.744 1.44163

0.0650024 1.82078


.0650024 1.82078
0.0739975 38.846


.0650024 1.82078
0.0739975 38.846
0.0530014 3.89957

.0889969 3.63906


0.0929947 0.0639954 3.10033

.0929947 0.0639954 3.10033
3.88198


0.0939941 2.19252


3.52217
  1.91868


0.0809937 3.38872
 
 
1.84411


0.149994 1.31108


0.202995 1.75902

0.231995 0.855985


0.267998 1.7442

0.298996 0.436996 1.6739

.298996 0.436996 1.6739
0.546675


0.354996 1.62353

.354996 1.62353
0.459 0.490988


1.60851

0.390999 1.5865

0.488864


0.477997 1.58007

0.277 0.424219
0.666 
0.666 
1.56576

0.351006 0.419104

.351006 0.419104
0.672997 1.55827


0.681 1.55421

0.701996 1.51624

0.745995 1.50884

0.891998 1.48715

0.923996 1.46918

0.942993 1.42921

1.001 1.42095

1.259 1.4177

1.27899 1.41408

1.44999 1.40151

0.0189972 3.4192


1.40116


3.26315

1.744 1.38729

.744 1.38729
0.0439987 2.34293


0.208 1.90419

0.219002 1.51273

0.232002 1.35003

0.430992 1.18868

0.459 1.11989

0.504997 1.07805


.504997 1.07805
4399
0.086998 1.71545




.127007 1.61697


0.170998 0.137001 
.170998 0.137001 1.60951


0.139999 1.58549

.139999 1.58549
0.362 0.824642


0.241005 1.56288

0.673146


0.308998 1.55453

0.354996 1.19405

0.525993 0.820883

0.637001 0.754883

0.82 0.743821

0.731003 4.52358

0.889 2.41124

1.138 2.15588

1.287 1.88746

1.478 1.6956

0.0270081 8.746470.451012
 

.0270081 8.746470.451012
 15.2475

0.455009 5.04162

0.604012 4.48053

0.795006 1.5793


.795006 1.5793



0.0680084 1.83493

0.125 1.63802

0.237 1.50374

0.295006 1.50219

0.459007 1.17807

0.527 1.02642

0.572998 0.945029

0.743996 0.903823

0.855003 0.886143

1.038 0.881989

0.742996 4.60783

0.991997 2.18803

1.141 1.91986

1.33199 1.73221

0.0809937 37.2296

0.0939941 3.3273

0.235996 3.13636

0.252998 2.35139

0.253998 2.12815

0.261997 2.08745

0.432999 1.98615

0.433998 1.85067

0.626999 1.84003

0.649994 1.82555

0.777 1.8182

0.816994 1.73629

0.835991 1.71291

0.890999 1.68756

1.02399 1.68096

1.033 1.52156

1.23199 1.50376

39.0661

9.0661
1.24899 1.49184


0.0370026 7.61363


1.39999 1.48641
0.116005
0.116005
 3.04603

0.116005 2.81786


1.605 1.46208


0.198006 2.44299

0.210999 2.25656

0.221001 2.12918

0.348007 1.85777

0.388 1.85067

0.395004 1.84893

0.406998 1.73969

0.462006 1.72832

0.595001 1.71152

0.604004 1.61842

0.803001 1.59935

0.811005 1.56447

0.82 1.54532

0.971001 1.5359

1.013 1.50383

1.176 1.49709

1.355 1.49219

1.54301 1.48337

0.127991 3.09635

.127991 3.09635
0.0999985 41.1208


0.147995 2.00204

.147995 2.00204
0.102997 38.8945


0.116997 4.15359

.116997 4.15359
0.280998 1.83537


1.71959



0.143997 1.69074


0.308990.145004  1.65105

.308990.145004  1.65105
1.79768


1.62123



0.174004 1.56391

1.65339


1.55781

0.53199 1.57647

.53199 1.57647
0.445 1.33452


0.581993 1.56816

.581993 1.56816
0.627998 0.734914


0.605995 1.54944

0.660175

0.848 1.54523

0.938995 1.42874

0.967995 1.41941

0.996994 1.41245

1.263 1.081

0.052002 37.6918


0.0569992 4.45584

0.0630035 4.4419

0.0770035 4.33754

0.090004 2.6808

0.108002 1.83115

0.164001 1.71641

0.191002 1.67915

0.200005 1.66125

0.232002 1.62432

0.287003 1.6096

0.357002 1.57923

0.475006 1.57722

0.482002 1.57346

0.511002 1.48463

0.555 1.44231

0.639999 1.44094

0.733002 1.43053

0.751999 1.42526

0.810005 1.41429

0.974007 1.36161

1.042 1.31485

1.088 1.30199

1.259 1.27979

1.37 1.26423

1.553 1.26113

0.0559998 4.01949

0.0699997 3.4208

0.0830002 2.69088

0.086998 2.6378

0.0930023 2.54265

0.100998 2.01779

0.123001 1.65676

0.156998 1.53057

0.228996 1.18217

0.279999 1.07348

0.32 0.988761

0.459 0.844319

0.104004 0.814838

0.186005 0.708618

0.272003 0.603266

0.323006 0.515355

0.0639954 37.4444

0.0839996 2.66858

0.119003 1.5572

0.251999 1.19525

0.261002 0.803339

0.459999 0.764523

0.476997 0.708055

0.545998 0.644736

0.627998 0.513933

0.0630035 3.80542

0.0569916 5.61256

0.0599976 0.2130053.38295 
.0599976 0.2130053.38295 2.17555
44.2487

0.169998
0.250999 1.97035

.250999 1.97035

.250999 1.97035
0.137001 3.83196



 3.11788


.11788
0.35199 1.94448


.11788
0.35199 1.94448
0.161003 1.8175 




0
1.7889
 1.89834

1.7889
 1.89834


1.7889

330.35400
.504005 1.84631

0.403008 1.72481

0.403008 1.72481



0.534996 2.17994

0.494003 .70195


0.494003 1.62495

0.494003 1.62495



0.416992 2.9992
0.523003 .64693
0.523003 1.57443

0.523003 1.57443


0.884003 2.09519



1.034 1.63178
952

.552002 1.552
0.955002 2.02961

0.955002 2.02961



0.636009 0034
465

.636009 1.487
1.17101 2.01361


1.17101 2.01361


21.57263

1.44369

1.44369

1.44369
1.27 2.00449



1.42001 
.118 1.31207

1.433 1.92172


1.433 1.92172



1.583993.9217 
1.47935

1.65343
9217 
1.47935
0.966945

1.65343
9217 
1.47935
0.966945
1.56999 1.87706


1.65343



0.95607
 1.46253

.95607


0.524002 1.64413

0.145004 2.33776

0.157997 1.89613

0.167999 1.53233

0.295006 1.48151

0.334999 1.45265

0.353996 1.23316

0.409004 1.16789

0.542 1.03174

0.551003 0.959973

0.75 0.889627

0.835999 0.837312

0.917999 0.770532

0.104004 3.70168

0.121006 0.0419922 3.48521

.121006 0.0419922 3.48521
4.15371


0.122005 2.20311

.122005 2.20311
0.0819931 3.29151


0.130005 0.0859909 1.83749

.130005 0.0859909 1.83749
1.9693


0.0929947 1.71347

0.122993 1.67247

1.90964

.90964
0.162994 1.66373


0.302006 1.64794

.302006 1.64794
0.287994 1.54481


0.316994 1.4518


0.495007 1.61263


0.445992 1.30658

0.518002 1.5767

.518002 1.5767
0.557991 1.30507


0.615997 1.30089

.615997 1.30089
0.645008 1.502


0.779999 1.21693

.779999 1.21693
0.685001 1.47109


0.847992 1.16515

1.41393
11
0.759007 1.39651

.759007 1.39651
1.06499 1.11651


1.17599 1.11205


.17599 1.11205
0.892002 1.38141


1.35899 1.10825

0.901005 1.24744

1.1 1.19739

1.268 1.15712

0.0879974 2.62276

0.125999 2.43643

0.125999 2.17332

2.35491

.35491
0.135002 2.15196


0.240002 2.09618

.240002 2.09618
0.263008 1.82468


0.334 1.69019


0.433002 1.84405

.342003 1.67307


0.350998 1.5992

.350998 1.5992
0.455997 1.83163


0.482002 1.58717

0.583004 1.82673

.583004 1.82673
0.501999 1.56702


0.622997 0.543999 1.75788
1.55692

.622997 0.543999 1.75788


0.676003 1.53249

.676003 1.53249
0.630001 1.70385


0.707001 1.5223


0.641994 1.70097

.763 1.51646


0.697002 0.886002 1.50982

.697002 0.886002 1.50982
1.69383


1.07401 1.5038

0.829998 1.68008

1.45666

0.839001 1.51356

1.038 1.50899

1.055 1.50054

1.206 1.49878

1.411 1.4408

1.59 1.42532

0.715004 3.93912

0.833992 3.9152

0.894997 3.8133

1.242 2.22491

0.111008 3.13058

.111008 3.13058
1.471 1.96489


0.216003 2.78064

.216003 2.78064
1.636 1.68697


2.69206

0.480011 2.31545

0.739006 2.25444

3.70381

.70381
0.792007 2.25337


0.765991 0.817001 2.07771

.765991 0.817001 2.07771
3.67588


0.958008 2.01708


0.826996 3.5919

.06401 1.97965


1.174 .104 1.96569

.174 .104 1.96569
2.06051


1.228 1.86993


1.403 1.78698

.28101 1.77812


1.568 1.30401 1.47778
.70747

.568 1.30401 1.47778


1.58701 1.68022

1.608 1.6452

1.887 1.55187

0.128006 1.88934

0.133011 1.86574



0.167 1.8375

0.124001  4.13661

0.188011 .22759


0.188011 1.80044



0.113991 2.8263

.165001 2.72338


0.278008 1.79387



0.237991 2.67532

0.280006 .47201


0.280006 1.75573
000.2579866 2.66043

.25 2.44918

00.370995 1.42086

.370995 2.59797


0.276001 2.38589


0.748009 0.397995 0.997711

.748009 0.397995 0.997711
2.57711

.748009 0.397995 0.997711
2.57711
0.403008 2.14088



0.398987 2.56629

.398987 2.56629
0.482002 2.0474


0.425987 2.50037


2.00745

0.671989 
0.601997 .34031


0.601997 1.82959



0.23101 1.95199


1.02899 2.08892

1.02899 2.08892
0.734001 1.81317


0.412003 1.86906


1.69227
 
69227
0.813995 1.80491




1.6977


0.0800095 1.37318


1.65777

1.65777
0.761009 1.67324


1.05801 1.57594

.05801 1.57594
0.832008 1.63532



0.828003 1.26629

.078 1.55547


1.04801 1.60844


1.14701 1.55091

.14701 1.55091
1.269 1.55184


1.31001 1.4813


1.424 1.44791


1.447 1.45927

0.152 8.44083

0.161003 1.99246

0.341995 1.90359

0.417999 1.80072

0.691002 1.74594

0.762001 1.68816


3.55402


0.978004 1.66898

1.077 1.6327

1.24 1.55087

1.37699 1.51378

0.0400009 35.5248

0.0719986 4.30765

0.104996 2.7511

0.138 2.57676

0.144997 2.42624

0.366997 1.90023

0.487 1.67245

0.745003 1.58785

0.827003 1.20098

0.195 0.858706

0.334 0.843565

0.106995 2.35215

0.133995 2.26481

.133995 2.26481
0.0340042 2.95428


0.304008 2.22101

.304008 2.22101
0.0979996 2.69553


0.329994 2.18729

.329994 2.18729
0.209007 1.84235


0.379005 2.13308

.379005 2.13308
0.230003 1.77709


0.379997 2.07338

.379997 2.07338
0.309998 1.47423


0.403999 2.05786

.403999 2.05786
0.431 1.38207


0.556007 2.00578

.556007 2.00578
0.453003 1.05946


0.646004 2.00235


1.03293

0.574005 0.943298

0.765007 0.892218

0.9200060.737 21.942340.772626
1
.9200060.737 21.942340.772626
1

0.765999 1.77559

0.794998 1.69624

1.061 1.36421

0.372002 0.989359

0.110992 1.95107

0.136993 1.81493

0.306992 1.65731

0.356995 1.62487

0.380997 1.57245

0.623001 1.50767

0.713997 1.4759

0.742996 1.43747

0.771996 1.34586

1.038 0.997829


.038 0.997829
6

42340.772626
1415

0.140999 1.78992

0.146004 1.74077

0.179993 1.66807

0.201004 1.64187

0.291 1.63898

0.292999 1.59023

0.473999 1.33225

0.761002 0.912223

0.104996 0.639227

0.268997 0.633444

0.194992 2.53048

0.510994 1.684

0.117989 0.7459560.523994
 
.117989 0.7459560.523994
 1.55937


0.28199 0.7384761.014
.28199 0.7384761.014 1.42013


0.442001 1.08964

0.537003 1.05707

0.098999 0.0750046 35.9864

0.127007 4.25912

0.136009 3.45011

4.54696
3 0.0199966 16.6985

0.32301

0.323013 1.55236

0.0770035 3.44825

.0770035 3.44825
0.126007 3.88028



0.0830078 2.74768
3.86423

 2.74768
0.467003 1.25706

.86423

.86423




0.0930099 2.41925


0.230003 3.81813

1.14096
7 1.94906

.14096


0.249008 3.81027
00.1820070.182007 1.82463


0.25901 3.787

1.81467


0.102997 3.78411

1.7865
  3.78411
0.827612


1.7865

33.73685

0.8233431.672
4
.8233431.672
4


0.478004 3.43267

0.357994 1.632516
0.8276
2
.357994 1.632516
0.8276
200.662003
0.662003
 3.31903


0.544006 1.581

0.874001 0.557007 2.93286

.874001 0.557007 2.93286
1.57528


0.96701 2.79437

.96701 2.79437
0.708 1.5568


1.192 0.784004 1.55136

.192 0.784004 1.55136
2.57063


1.52189

1.35201 2.38452

.35201 2.38452
1.006 1.50952


1.026 1.4918

1.9831.24  1.49169

.9831.24  1.49169
2.16147


1.46 1.47635


.46 1.47635
49169
2.16147
52

28


0.227013 1.91731

0.317009 1.80716

0.408005 1.77236

0.437004 1.7197

0.466003 1.70591

0.466003 1.67079

0.550011 1.64088

0.697006 1.57928

0.73201 1.57874

1.03201 1.39692

0.222992 1.04974

0.382996 1.04865

0.700996 0.655852

0.0909958 38.833

0.119003 3.98827

0.128006 3.15123

0.129005 2.80383

0.135002 1.70683

0.143005 1.6731

0.164001 1.59563

0.172997 1.56217

0.208 1.47937

0.292999 1.43792

0.404999 1.41242

0.463005 1.27656

0.627007 1.16

0.695 1.09095

0.740997 1.06221

0.911995 1.04385

1.023 1.03746

1.206 1.01971

0.123993 2.77828

.123993 2.77828
0.160004 3.10803


0.0969 2.2916
915


.12899 2.2916



0.222 2.77205

2.01249
3 0.260994 2.2278


01249





0.3659970.271996  1.95161
1.80851

.3659970.271996  1.95161
1.80851

.3659970.271996  1.95161
1.80851
0.472 2.28272



1.67313


2.23681
.
2.23681
.

0.442001 1.6487



0.638 1.97818

.392998 1.65299



0.660995 1.64207

.744003 1.94424



0.513 1.6165

0.783997 .64195


0.783997 1.93565



0.584 1.5743

.745995 1.61993


0.907997 1.84984



0.612 1.56303





0.960999 1.66939

 1.024996

.02499 1.49028


0.984001 1.63026



0.738998 1.54798


1.285 1.46634

.267 1.62029



1.54694


1.46091

1.46091
1.28799 1.5199





1.56699 1.496


1.46185

1.214 1.44637

1.43599 1.44369

0.0950012.44369
6  1.96781
2.96139


.0950012.44369
6  1.96781
2.96139
0.162003 2.64286

.162003 2.64286
  1.96781
2.96139
0.211998 3.11649



0.18 2.36277


0.206001 2.28053
2.28648
2.28648



0.333008 1.90279


0.339996 2.23671


1.86375

0.377998 1.98876

.377998 1.98876
0.444008 1.853


0.531998 0.4840011.64887
 
.531998 0.4840011.64887
 1.942


0.664001 1.59684


0.523994 1.93578

.743996 1.57936


0.647995 1.90417

.647995 1.90417
0.988007 1.35545


0.700996 1.008 1.30747

.700996 1.008 1.30747
1.63725


1.19901 1.27931


1.63589


1.354 1.18186

1.007 1.63005

1.02799 1.55983

1.30699 1.5008

1.56699 1.47529

1.199 2.77797

1.41 2.024
11.58199 .68989

.58199 1.99179


1.65199 1.97903


2.60087

.18299 1.80782


0.026001 38.9839
1.149 2.35678

1.76499 2.25911

.76499 2.25911



0.052002 7.54802

0.0579987 3.21784

0.137001 2.98863

0.137001 2.89984

0.219002 2.38284

0.231995 2.19238

0.241997 2.10218

0.369003 1.82196

0.408997 1.80695

3.69495
1.78305
1.78305



0.072998 2.7296


0.427994 1.68467


0.0909958 2.64495

0.483002 1.67925

.483002 1.67925
0.136993 2.59749


0.248001 0.615997 2.38112

.248001 0.615997 2.38112
1.66881


0.268997 2.01522
0.268997 2.01522
0.625
0.268997 2.01522
0.625
 1.54673


0.348991 1.80178

0.823997 1.53273

.823997 1.53273
0.491997 1.80047


0.832001 1.50342

 1.61895

1.61895
0.840996 1.49807


0.612999 1.56388

.612999 1.56388
0.991997 1.48122


1.034 1.43355


.034 1.43355
0.733002 1.55652

1.197 1.43198


0.804001 1.54703


1.376 1.42499

1.5352


1.564 1.42366

0.959 1.48355

1.008 1.47256

1.207 1.43588
3.61505
3.61505


1.42415


2.41759

0.158005 2.36407

0.175003 2.16736

0.0720062 0.178001 2.02687

.0720062 0.178001 2.02687
38.8324


0.112999 1.93886
0.0550003 3.66905
0.112 3.62671

.112 3.62671
86



0.0680008 3.01453

.0680008 3.01453
 3.31365
0.298004 1.8184

.0680008 3.01453
 3.31365



 2.90516

2.90516
0.369003 1.81472

2.90516
0.369003 1.81472
0.130997 1.86649



0.397003 1.95091

.397003 1.68634


0.186005 1.81167



0.188995 1.9325

1.706323

.7063

0.208 1.64482


00.319 02 1.57773

.319 1.67002



0.278999 1.50419
0.572998 0.572998 0.328003 1.56325

.572998 0.328003 1.56325
1.66498


0.306999 1.04086


0.748001 1.55708

 01.64572

01.64572



01.64572

0.759003 1.55271



0.535004 1.5612


0.772003 0.493996 .55082

0.543999 0.493996 .55082
0.742899


0.543999 1.51865

00.999001 1.49841

0.695 1.51039


0.0550079

0.0550079
 0.577718


0.737 1.50737


1.45499 1.45381

.17601 0.576194


0.900002 1.49773

0.388008 0.487781

.388008 0.487781
0.956001 1.49566


1.079 1.45919

.079 1.45919
781
0.956001 1.49566

.079 1.45919
781
0.956001 1.49566
1.86649
8 4.44579



0.0569992 2.8164

3.11447
 0.147995
0.9560

0.18400

0.184006 2.73083


0.157005 2.78499

.157005 2.78499
1.49360
   1.4309
1
.157005 2.78499
1.49360
   1.4309
1


0.292999 2.2441

.292999 2.18116


0.257004 2.00259

.257004 2.00259
0.295006 2.05676


0.280006 1.93974

.280006 1.93974
0.382996 2.02083


0.499001 0.514999 1.65869

.499001 0.514999 1.65869
1.81163


0.563004 1.61495

.563004 1.61495
0.594994 1.80946


0.584 1.61186
0.737999 1.70411

0.839005 1.58276

0.859001 1.55346

1.05 1.55174

1.078 1.49766

1.205 1.44998



1.453 1.43898

0.832001 1.5755

0.862999 1.53017

1.111 1.47431

1.123 1.46614

1.407 1.46016

1.67899 1.43716

