0.150002 3.89874

0.152996 3.84433

0.166 3.58606

0.166 3.30005

0.190002 3.27231

0.225002 3.08451

0.227001 3.08451

0.396999 3.08261

0.423996 3.02314

0.429001 2.91497

0.545998 2.91035

0.837002 2.77262

0.917 2.75801

1.006 2.62008

1.373 1.80562

0.167999 3.66773

0.168999 3.46035

0.198997 3.28958

0.375 2.34306

0.392002 2.09259

0.393002 2.09259

0.401001 2.06227

0.572002 1.94884

0.573002 1.83427

0.766003 1.83427

0.788998 1.80476

0.916004 1.79506

0.955997 1.777

0.974995 1.71487

1.03 1.69558

1.163 1.66658

1.172 1.65721

1.371 1.52477

1.388 1.48906

1.539 1.45847

1.744 1.45847

0.0809937 37.2296

0.0939941 3.3273

0.235996 2.35139

0.252998 2.35139

0.253998 2.33671

0.261997 2.12815

0.432999 2.08745

0.433998 1.98615

0.626999 1.85067

0.649994 1.84003

0.777 1.82555

0.816994 1.8182

0.835991 1.73629

0.890999 1.71291

1.02399 1.68756

1.033 1.68096

1.23199 1.52156

1.24899 1.50376

1.39999 1.49184

1.605 1.48641

1.784 1.46208

0.104004 3.70168

0.121006 3.48521

0.122005 2.20311

0.130005 1.9693

0.301006 1.90964

0.302006 1.69766

0.495007 1.64794

0.518002 1.61263

0.645008 1.5767

0.685001 1.502

0.703999 1.47109

0.759007 1.41393

0.892002 1.39651

0.901005 1.38141

1.1 1.24744

1.117 1.19739

1.268 1.15712

1.473 1.15712

0.121998 3.62057

0.239002 2.35491

0.240002 2.35491

0.433002 2.09618

0.455997 1.84405

0.583004 1.83163

0.622997 1.82673

0.630001 1.75788

0.641994 1.70385

0.697002 1.70097

0.829998 1.69383

0.839001 1.68008

1.038 1.51356

1.055 1.50899

1.206 1.50054

1.248 1.49878

1.411 1.4408

1.59 1.4408

0.052002 38.9839

0.0579987 7.54802

0.137001 3.21784

0.137001 2.98863

0.18 2.89984

0.219002 2.38284

0.231995 2.38284

0.241997 2.19238

0.369003 2.10218

0.408997 1.82196

0.416 1.80695

0.427994 1.78305

0.483002 1.68467

0.615997 1.67925

0.625 1.66881

0.823997 1.54673

0.832001 1.53273

0.840996 1.50342

0.991997 1.49807

1.034 1.48122

1.197 1.43355

1.376 1.43198

1.564 1.42499

0.0310059 39.0661

0.0370026 7.61363

0.116005 3.2721

0.116005 3.04603

0.159004 2.81786

0.198006 2.44299

0.210999 2.44299

0.221001 2.25656

0.348007 2.12918

0.388 1.85777

0.395004 1.85067

0.406998 1.84893

0.462006 1.73969

0.595001 1.72832

0.604004 1.71152

0.803001 1.61842

0.811005 1.59935

0.82 1.56447

0.971001 1.54532

1.013 1.5359

1.176 1.50383

1.355 1.49709

1.54301 1.49219

0.106003 3.80542

0.145004 2.33776

0.157997 2.33776

0.167999 1.89613

0.295006 1.53233

0.334999 1.48151

0.342003 1.45265

0.353996 1.23316

0.409004 1.23316

0.542 1.16789

0.551003 1.03174

0.75 0.959973

0.766998 0.889627

0.835999 0.837312

0.917999 0.837312

0.0720062 39.0798

0.112 38.8324

0.119003 3.62671

0.130997 3.31365

0.151001 1.86649

0.186005 1.81167

0.319 1.81167

0.319 1.7063

0.328003 1.67002

0.527 1.66498

0.535004 1.64572

0.543999 1.5612

0.675003 1.51865

0.695 1.51039

0.737 1.51039

0.900002 1.50737

0.956001 1.49773

1.079 1.49566

1.26701 1.45919

1.493 1.43785

0.0639954 37.6918

0.0810013 37.4444

0.0839996 2.66858

0.119003 2.66858

0.159004 1.5572

0.251999 1.19525

0.261002 1.19525

0.408997 0.803339

0.459999 0.764523

0.476997 0.764523

0.545998 0.708055

0.627998 0.644736

0.0879974 2.62276

0.125999 2.43643

0.125999 2.42967

0.135002 2.17332

0.262001 2.15196

0.263008 1.82468

0.334 1.82468

0.342003 1.69019

0.350998 1.67307

0.482002 1.5992

0.501999 1.58717

0.543999 1.56702

0.676003 1.55692

0.707001 1.53249

0.763 1.5223

0.886002 1.51646

1.07401 1.50982

1.3 1.5038

1.667 1.45666

0.0639954 3.89957

0.0719986 3.88198

0.0809937 3.52217

0.0939941 3.38872

0.149994 1.31108

0.211998 1.31108

0.231995 0.855985

0.273994 0.855985

0.436996 0.546675

0.459 0.546675

0.135002 0.490988

0.277 0.488864

0.351006 0.424219

0.0739975 38.846

0.0889969 3.63906

0.0929947 3.10033

0.0939941 2.19252

0.123993 1.91868

0.135994 1.84411

0.202995 1.75902

0.267998 1.6739

0.298996 1.6739

0.354996 1.65268

0.381996 1.62353

0.390999 1.60851

0.422997 1.5865

0.477997 1.58007

0.666 1.58007

0.672997 1.56576

0.681 1.55827

0.701996 1.55421

0.745995 1.51624

0.891998 1.50884

0.923996 1.48715

0.942993 1.46918

1.001 1.42921

1.259 1.42095

1.27899 1.4177

1.44999 1.41408

1.561 1.40151

1.744 1.40116

0.0569992 4.45584

0.0630035 4.4419

0.0770035 2.6808

0.090004 2.6808

0.108002 1.83115

0.164001 1.71641

0.191002 1.67915

0.200005 1.66125

0.232002 1.65283

0.287003 1.62432

0.357002 1.6096

0.475006 1.57923

0.482002 1.57722

0.490005 1.57346

0.511002 1.48463

0.519997 1.48463

0.555 1.44231

0.639999 1.44231

0.701004 1.44094

0.733002 1.43053

0.751999 1.43053

0.810005 1.42526

0.974007 1.41429

1.042 1.36161

1.088 1.31485

1.259 1.30199

1.37 1.27979

1.553 1.26423

0.0559998 4.21352

0.0699997 4.01949

0.0830002 3.4208

0.086998 2.69088

0.0930023 2.6378

0.100998 2.54265

0.123001 2.01779

0.156998 1.65676

0.228996 1.53057

0.279999 1.18217

0.32 1.07348

0.459 0.988761

0.798996 0.844319

0.104004 0.814838

0.186005 0.814838

0.272003 0.708618

0.323006 0.603266

0.0819931 4.15371

0.0859909 3.29151

0.0929947 1.83749

0.122993 1.71347

0.162994 1.67247

0.280998 1.66373

0.287994 1.54481

0.316994 1.54481

0.325989 1.4518

0.445992 1.30658

0.557991 1.30658

0.615997 1.30507

0.779999 1.30089

0.847992 1.21693

0.89399 1.16515

1.06499 1.1576

1.17599 1.11651

1.35899 1.11205

0.098999 35.9864

0.127007 4.25912

0.136009 3.45011

0.151009 1.95005

0.323013 1.55236

0.362007 1.55236

0.467003 1.25706

0.689003 1.25706

0.809006 1.14096

0.102997 1.14096

0.208992 0.827612

0.357994 0.823343

0.517998 0.773076

